(kicad_pcb (version 20171130) (host pcbnew 5.1.10-88a1d61d58~88~ubuntu18.04.1)

  (general
    (thickness 1.6)
    (drawings 5)
    (tracks 888)
    (zones 0)
    (modules 47)
    (nets 62)
  )

  (page A4)
  (layers
    (0 F.Cu signal)
    (31 B.Cu signal)
    (32 B.Adhes user)
    (33 F.Adhes user)
    (34 B.Paste user)
    (35 F.Paste user)
    (36 B.SilkS user)
    (37 F.SilkS user)
    (38 B.Mask user)
    (39 F.Mask user)
    (40 Dwgs.User user)
    (41 Cmts.User user)
    (42 Eco1.User user)
    (43 Eco2.User user)
    (44 Edge.Cuts user)
    (45 Margin user)
    (46 B.CrtYd user)
    (47 F.CrtYd user)
    (48 B.Fab user hide)
    (49 F.Fab user)
  )

  (setup
    (last_trace_width 0.2)
    (trace_clearance 0.2)
    (zone_clearance 0.508)
    (zone_45_only no)
    (trace_min 0.2)
    (via_size 0.6)
    (via_drill 0.3)
    (via_min_size 0.4)
    (via_min_drill 0.3)
    (uvia_size 0.3)
    (uvia_drill 0.1)
    (uvias_allowed no)
    (uvia_min_size 0.2)
    (uvia_min_drill 0.1)
    (edge_width 0.15)
    (segment_width 0.2)
    (pcb_text_width 0.3)
    (pcb_text_size 1.5 1.5)
    (mod_edge_width 0.15)
    (mod_text_size 1 1)
    (mod_text_width 0.15)
    (pad_size 0.96 1.5)
    (pad_drill 0)
    (pad_to_mask_clearance 0.2)
    (aux_axis_origin 0 0)
    (grid_origin 59.52 54.61)
    (visible_elements FFFDFFFF)
    (pcbplotparams
      (layerselection 0x010f0_ffffffff)
      (usegerberextensions true)
      (usegerberattributes false)
      (usegerberadvancedattributes false)
      (creategerberjobfile false)
      (excludeedgelayer true)
      (linewidth 0.100000)
      (plotframeref false)
      (viasonmask false)
      (mode 1)
      (useauxorigin false)
      (hpglpennumber 1)
      (hpglpenspeed 20)
      (hpglpendiameter 15.000000)
      (psnegative false)
      (psa4output false)
      (plotreference true)
      (plotvalue true)
      (plotinvisibletext false)
      (padsonsilk false)
      (subtractmaskfromsilk false)
      (outputformat 1)
      (mirror false)
      (drillshape 0)
      (scaleselection 1)
      (outputdirectory "gerbers/"))
  )

  (net 0 "")
  (net 1 GND)
  (net 2 +3V3)
  (net 3 "Net-(C2-Pad1)")
  (net 4 "Net-(C3-Pad1)")
  (net 5 "Net-(C4-Pad1)")
  (net 6 "Net-(C5-Pad1)")
  (net 7 "Net-(J1-Pad1)")
  (net 8 "Net-(J1-Pad2)")
  (net 9 "Net-(L1-Pad1)")
  (net 10 "Net-(L1-Pad2)")
  (net 11 P0.25)
  (net 12 P0.26)
  (net 13 P0.27)
  (net 14 P0.28)
  (net 15 P0.29)
  (net 16 P0.30)
  (net 17 P0.31)
  (net 18 P0.02)
  (net 19 P0.03)
  (net 20 P0.04)
  (net 21 P0.05)
  (net 22 P0.06)
  (net 23 P0.07)
  (net 24 P0.08)
  (net 25 P0.09)
  (net 26 +5V)
  (net 27 P0.10)
  (net 28 P0.11)
  (net 29 P0.12)
  (net 30 P0.13)
  (net 31 P0.14)
  (net 32 P0.15)
  (net 33 P0.16)
  (net 34 P0.17)
  (net 35 P0.18)
  (net 36 P0.19)
  (net 37 P0.20)
  (net 38 P0.21)
  (net 39 P0.22)
  (net 40 P0.23)
  (net 41 P0.24)
  (net 42 +BATT)
  (net 43 "Net-(C8-Pad2)")
  (net 44 "Net-(C12-Pad2)")
  (net 45 "Net-(D1-Pad1)")
  (net 46 "Net-(D3-Pad2)")
  (net 47 "Net-(J2-Pad6)")
  (net 48 D-)
  (net 49 D+)
  (net 50 "Net-(JP1-Pad1)")
  (net 51 "Net-(JP2-Pad1)")
  (net 52 "Net-(JP3-Pad1)")
  (net 53 "Net-(JP4-Pad1)")
  (net 54 "Net-(JP5-Pad1)")
  (net 55 "Net-(JP6-Pad1)")
  (net 56 "Net-(JP7-Pad1)")
  (net 57 "Net-(R1-Pad2)")
  (net 58 "Net-(R3-Pad2)")
  (net 59 "Net-(R6-Pad1)")
  (net 60 "Net-(R7-Pad1)")
  (net 61 "Net-(D4-Pad2)")

  (net_class Default "This is the default net class."
    (clearance 0.2)
    (trace_width 0.2)
    (via_dia 0.6)
    (via_drill 0.3)
    (uvia_dia 0.3)
    (uvia_drill 0.1)
    (add_net D+)
    (add_net D-)
    (add_net "Net-(C12-Pad2)")
    (add_net "Net-(C2-Pad1)")
    (add_net "Net-(C3-Pad1)")
    (add_net "Net-(C4-Pad1)")
    (add_net "Net-(C5-Pad1)")
    (add_net "Net-(D1-Pad1)")
    (add_net "Net-(D3-Pad2)")
    (add_net "Net-(D4-Pad2)")
    (add_net "Net-(J1-Pad1)")
    (add_net "Net-(J1-Pad2)")
    (add_net "Net-(J2-Pad6)")
    (add_net "Net-(JP1-Pad1)")
    (add_net "Net-(JP2-Pad1)")
    (add_net "Net-(JP3-Pad1)")
    (add_net "Net-(JP4-Pad1)")
    (add_net "Net-(JP5-Pad1)")
    (add_net "Net-(JP6-Pad1)")
    (add_net "Net-(JP7-Pad1)")
    (add_net "Net-(L1-Pad1)")
    (add_net "Net-(L1-Pad2)")
    (add_net "Net-(R1-Pad2)")
    (add_net "Net-(R3-Pad2)")
    (add_net "Net-(R6-Pad1)")
    (add_net "Net-(R7-Pad1)")
    (add_net P0.02)
    (add_net P0.03)
    (add_net P0.04)
    (add_net P0.05)
    (add_net P0.06)
    (add_net P0.07)
    (add_net P0.08)
    (add_net P0.09)
    (add_net P0.10)
    (add_net P0.11)
    (add_net P0.12)
    (add_net P0.13)
    (add_net P0.14)
    (add_net P0.15)
    (add_net P0.16)
    (add_net P0.17)
    (add_net P0.18)
    (add_net P0.19)
    (add_net P0.20)
    (add_net P0.21)
    (add_net P0.22)
    (add_net P0.23)
    (add_net P0.24)
    (add_net P0.25)
    (add_net P0.26)
    (add_net P0.27)
    (add_net P0.28)
    (add_net P0.29)
    (add_net P0.30)
    (add_net P0.31)
  )

  (net_class power ""
    (clearance 0.2)
    (trace_width 0.4)
    (via_dia 0.6)
    (via_drill 0.3)
    (uvia_dia 0.3)
    (uvia_drill 0.1)
    (add_net +3V3)
    (add_net +5V)
    (add_net +BATT)
    (add_net GND)
    (add_net "Net-(C8-Pad2)")
  )

  (module Package_TO_SOT_SMD:SOT-23-5 (layer B.Cu) (tedit 5A02FF57) (tstamp 5B0F5ABD)
    (at 64.28 104.986 90)
    (descr "5-pin SOT23 package")
    (tags SOT-23-5)
    (path /5AD4CEAD)
    (attr smd)
    (fp_text reference U3 (at -2.71 -0.061 180) (layer B.SilkS)
      (effects (font (size 1 1) (thickness 0.15)) (justify mirror))
    )
    (fp_text value MCP73831-2-OT (at 0 -2.9 90) (layer B.Fab)
      (effects (font (size 1 1) (thickness 0.15)) (justify mirror))
    )
    (fp_line (start -0.9 -1.61) (end 0.9 -1.61) (layer B.SilkS) (width 0.12))
    (fp_line (start 0.9 1.61) (end -1.55 1.61) (layer B.SilkS) (width 0.12))
    (fp_line (start -1.9 1.8) (end 1.9 1.8) (layer B.CrtYd) (width 0.05))
    (fp_line (start 1.9 1.8) (end 1.9 -1.8) (layer B.CrtYd) (width 0.05))
    (fp_line (start 1.9 -1.8) (end -1.9 -1.8) (layer B.CrtYd) (width 0.05))
    (fp_line (start -1.9 -1.8) (end -1.9 1.8) (layer B.CrtYd) (width 0.05))
    (fp_line (start -0.9 0.9) (end -0.25 1.55) (layer B.Fab) (width 0.1))
    (fp_line (start 0.9 1.55) (end -0.25 1.55) (layer B.Fab) (width 0.1))
    (fp_line (start -0.9 0.9) (end -0.9 -1.55) (layer B.Fab) (width 0.1))
    (fp_line (start 0.9 -1.55) (end -0.9 -1.55) (layer B.Fab) (width 0.1))
    (fp_line (start 0.9 1.55) (end 0.9 -1.55) (layer B.Fab) (width 0.1))
    (fp_text user %R (at 0 0) (layer B.Fab)
      (effects (font (size 0.5 0.5) (thickness 0.075)) (justify mirror))
    )
    (pad 1 smd rect (at -1.1 0.95 90) (size 1.06 0.65) (layers B.Cu B.Paste B.Mask)
      (net 58 "Net-(R3-Pad2)"))
    (pad 2 smd rect (at -1.1 0 90) (size 1.06 0.65) (layers B.Cu B.Paste B.Mask)
      (net 1 GND))
    (pad 3 smd rect (at -1.1 -0.95 90) (size 1.06 0.65) (layers B.Cu B.Paste B.Mask)
      (net 42 +BATT))
    (pad 4 smd rect (at 1.1 -0.95 90) (size 1.06 0.65) (layers B.Cu B.Paste B.Mask)
      (net 26 +5V))
    (pad 5 smd rect (at 1.1 0.95 90) (size 1.06 0.65) (layers B.Cu B.Paste B.Mask)
      (net 57 "Net-(R1-Pad2)"))
    (model ${KISYS3DMOD}/Package_TO_SOT_SMD.3dshapes/SOT-23-5.wrl
      (at (xyz 0 0 0))
      (scale (xyz 1 1 1))
      (rotate (xyz 0 0 0))
    )
  )

  (module nrf52:nrf52board (layer F.Cu) (tedit 5AD5AEAB) (tstamp 5B197D2E)
    (at 69.8 77.42)
    (path /5AA3FB6B)
    (fp_text reference U1 (at 10.802 2.59 90) (layer F.SilkS)
      (effects (font (size 1 1) (thickness 0.15)))
    )
    (fp_text value nrf52board (at -5.2 -25.35) (layer F.Fab)
      (effects (font (size 1 1) (thickness 0.15)))
    )
    (fp_line (start -11.55 -24.08) (end 13.85 -24.08) (layer F.SilkS) (width 0.15))
    (fp_line (start 13.85 -24.08) (end 13.85 24.18) (layer F.SilkS) (width 0.15))
    (fp_line (start 13.85 24.18) (end -11.55 24.18) (layer F.SilkS) (width 0.15))
    (fp_line (start -11.55 24.18) (end -11.55 -24.08) (layer F.SilkS) (width 0.15))
    (pad 38 thru_hole circle (at 12.58 -22.81) (size 1.8 1.8) (drill 0.9) (layers *.Cu *.Mask)
      (net 41 P0.24))
    (pad 37 thru_hole circle (at 12.58 -20.27) (size 1.8 1.8) (drill 0.9) (layers *.Cu *.Mask)
      (net 40 P0.23))
    (pad 1 thru_hole circle (at -10.28 -22.81 90) (size 1.8 1.8) (drill 0.9) (layers *.Cu *.Mask)
      (net 11 P0.25))
    (pad 2 thru_hole circle (at -10.28 -20.27 90) (size 1.8 1.8) (drill 0.9) (layers *.Cu *.Mask)
      (net 12 P0.26))
    (pad 3 thru_hole circle (at -10.28 -17.73 90) (size 1.8 1.8) (drill 0.9) (layers *.Cu *.Mask)
      (net 13 P0.27))
    (pad 4 thru_hole circle (at -10.28 -15.19 90) (size 1.8 1.8) (drill 0.9) (layers *.Cu *.Mask)
      (net 14 P0.28))
    (pad 5 thru_hole circle (at -10.28 -12.65 90) (size 1.8 1.8) (drill 0.9) (layers *.Cu *.Mask)
      (net 15 P0.29))
    (pad 6 thru_hole circle (at -10.28 -10.11 90) (size 1.8 1.8) (drill 0.9) (layers *.Cu *.Mask)
      (net 16 P0.30))
    (pad 7 thru_hole circle (at -10.28 -7.57 90) (size 1.8 1.8) (drill 0.9) (layers *.Cu *.Mask)
      (net 17 P0.31))
    (pad 8 thru_hole circle (at -10.28 -5.03 90) (size 1.8 1.8) (drill 0.9) (layers *.Cu *.Mask)
      (net 18 P0.02))
    (pad 9 thru_hole circle (at -10.28 -2.49 90) (size 1.8 1.8) (drill 0.9) (layers *.Cu *.Mask)
      (net 19 P0.03))
    (pad 10 thru_hole circle (at -10.28 0.05 90) (size 1.8 1.8) (drill 0.9) (layers *.Cu *.Mask)
      (net 20 P0.04))
    (pad 11 thru_hole circle (at -10.28 2.59 90) (size 1.8 1.8) (drill 0.9) (layers *.Cu *.Mask)
      (net 21 P0.05))
    (pad 12 thru_hole circle (at -10.28 5.13 90) (size 1.8 1.8) (drill 0.9) (layers *.Cu *.Mask)
      (net 22 P0.06))
    (pad 13 thru_hole circle (at -10.28 7.67 90) (size 1.8 1.8) (drill 0.9) (layers *.Cu *.Mask)
      (net 23 P0.07))
    (pad 14 thru_hole circle (at -10.28 10.21 90) (size 1.8 1.8) (drill 0.9) (layers *.Cu *.Mask)
      (net 24 P0.08))
    (pad 15 thru_hole circle (at -10.28 12.75 90) (size 1.8 1.8) (drill 0.9) (layers *.Cu *.Mask)
      (net 25 P0.09))
    (pad 16 thru_hole circle (at -10.28 15.29 90) (size 1.8 1.8) (drill 0.9) (layers *.Cu *.Mask)
      (net 2 +3V3))
    (pad 17 thru_hole circle (at -10.28 17.83 90) (size 1.8 1.8) (drill 0.9) (layers *.Cu *.Mask)
      (net 1 GND))
    (pad 18 thru_hole circle (at -10.28 20.37 90) (size 1.8 1.8) (drill 0.9) (layers *.Cu *.Mask)
      (net 1 GND))
    (pad 19 thru_hole circle (at -10.28 22.91 90) (size 1.8 1.8) (drill 0.9) (layers *.Cu *.Mask)
      (net 26 +5V))
    (pad 20 thru_hole circle (at 12.58 22.91 90) (size 1.8 1.8) (drill 0.9) (layers *.Cu *.Mask)
      (net 26 +5V))
    (pad 21 thru_hole circle (at 12.58 20.37 90) (size 1.8 1.8) (drill 0.9) (layers *.Cu *.Mask)
      (net 1 GND))
    (pad 22 thru_hole circle (at 12.58 17.83 90) (size 1.8 1.8) (drill 0.9) (layers *.Cu *.Mask)
      (net 1 GND))
    (pad 23 thru_hole circle (at 12.58 15.29 90) (size 1.8 1.8) (drill 0.9) (layers *.Cu *.Mask)
      (net 2 +3V3))
    (pad 24 thru_hole circle (at 12.58 12.75 90) (size 1.8 1.8) (drill 0.9) (layers *.Cu *.Mask)
      (net 27 P0.10))
    (pad 25 thru_hole circle (at 12.58 10.21 90) (size 1.8 1.8) (drill 0.9) (layers *.Cu *.Mask)
      (net 28 P0.11))
    (pad 26 thru_hole circle (at 12.58 7.67 90) (size 1.8 1.8) (drill 0.9) (layers *.Cu *.Mask)
      (net 29 P0.12))
    (pad 27 thru_hole circle (at 12.58 5.13 90) (size 1.8 1.8) (drill 0.9) (layers *.Cu *.Mask)
      (net 30 P0.13))
    (pad 28 thru_hole circle (at 12.58 2.59 90) (size 1.8 1.8) (drill 0.9) (layers *.Cu *.Mask)
      (net 31 P0.14))
    (pad 29 thru_hole circle (at 12.58 0.05 90) (size 1.8 1.8) (drill 0.9) (layers *.Cu *.Mask)
      (net 32 P0.15))
    (pad 30 thru_hole circle (at 12.58 -2.49 90) (size 1.8 1.8) (drill 0.9) (layers *.Cu *.Mask)
      (net 33 P0.16))
    (pad 31 thru_hole circle (at 12.58 -5.03 90) (size 1.8 1.8) (drill 0.9) (layers *.Cu *.Mask)
      (net 34 P0.17))
    (pad 32 thru_hole circle (at 12.58 -7.57 90) (size 1.8 1.8) (drill 0.9) (layers *.Cu *.Mask)
      (net 35 P0.18))
    (pad 33 thru_hole circle (at 12.58 -10.11 90) (size 1.8 1.8) (drill 0.9) (layers *.Cu *.Mask)
      (net 36 P0.19))
    (pad 34 thru_hole circle (at 12.58 -12.65 90) (size 1.8 1.8) (drill 0.9) (layers *.Cu *.Mask)
      (net 37 P0.20))
    (pad 35 thru_hole circle (at 12.58 -15.19 90) (size 1.8 1.8) (drill 0.9) (layers *.Cu *.Mask)
      (net 38 P0.21))
    (pad 36 thru_hole circle (at 12.58 -17.73 90) (size 1.8 1.8) (drill 0.9) (layers *.Cu *.Mask)
      (net 39 P0.22))
  )

  (module Jumper:SolderJumper-2_P1.3mm_Open_RoundedPad1.0x1.5mm (layer B.Cu) (tedit 5A3EAE8E) (tstamp 5B0F598E)
    (at 62.822 84.328 90)
    (descr "SMD Solder Jumper, 1x1.5mm, rounded Pads, 0.3mm gap, open")
    (tags "solder jumper open")
    (path /5AC75659)
    (attr virtual)
    (fp_text reference JP2 (at 3.175 -1.016 90) (layer B.SilkS)
      (effects (font (size 1 1) (thickness 0.15)) (justify mirror))
    )
    (fp_text value SolderJumper_2_Open (at 0 -1.9 90) (layer B.Fab)
      (effects (font (size 1 1) (thickness 0.15)) (justify mirror))
    )
    (fp_line (start -1.4 -0.3) (end -1.4 0.3) (layer B.SilkS) (width 0.12))
    (fp_line (start 0.7 -1) (end -0.7 -1) (layer B.SilkS) (width 0.12))
    (fp_line (start 1.4 0.3) (end 1.4 -0.3) (layer B.SilkS) (width 0.12))
    (fp_line (start -0.7 1) (end 0.7 1) (layer B.SilkS) (width 0.12))
    (fp_line (start -1.65 1.25) (end 1.65 1.25) (layer B.CrtYd) (width 0.05))
    (fp_line (start -1.65 1.25) (end -1.65 -1.25) (layer B.CrtYd) (width 0.05))
    (fp_line (start 1.65 -1.25) (end 1.65 1.25) (layer B.CrtYd) (width 0.05))
    (fp_line (start 1.65 -1.25) (end -1.65 -1.25) (layer B.CrtYd) (width 0.05))
    (fp_arc (start 0.7 0.3) (end 1.4 0.3) (angle 90) (layer B.SilkS) (width 0.12))
    (fp_arc (start 0.7 -0.3) (end 0.7 -1) (angle 90) (layer B.SilkS) (width 0.12))
    (fp_arc (start -0.7 -0.3) (end -1.4 -0.3) (angle 90) (layer B.SilkS) (width 0.12))
    (fp_arc (start -0.7 0.3) (end -0.7 1) (angle 90) (layer B.SilkS) (width 0.12))
    (pad 2 smd roundrect (at 0.65 0 90) (size 1 1.5) (layers B.Cu B.Mask) (roundrect_rratio 0.5)
      (net 12 P0.26))
    (pad 1 smd roundrect (at -0.65 0 90) (size 1 1.5) (layers B.Cu B.Mask) (roundrect_rratio 0.5)
      (net 51 "Net-(JP2-Pad1)"))
    (pad 1 smd rect (at -0.4 0 90) (size 0.5 1.5) (layers B.Cu B.Mask)
      (net 51 "Net-(JP2-Pad1)"))
    (pad 2 smd rect (at 0.4 0 90) (size 0.5 1.5) (layers B.Cu B.Mask)
      (net 12 P0.26))
  )

  (module Inductor_SMD:L_0805_2012Metric (layer B.Cu) (tedit 59FE48B8) (tstamp 5ACD07DD)
    (at 67.5718 71.755)
    (descr "Inductor SMD 0805 (2012 Metric), square (rectangular) end terminal, IPC_7351 nominal, (Body size source: http://www.tortai-tech.com/upload/download/2011102023233369053.pdf), generated with kicad-footprint-generator")
    (tags inductor)
    (path /5AA346E3)
    (attr smd)
    (fp_text reference L1 (at -2.7178 0) (layer B.SilkS)
      (effects (font (size 1 1) (thickness 0.15)) (justify mirror))
    )
    (fp_text value 10u (at 0 -1.85) (layer B.Fab)
      (effects (font (size 1 1) (thickness 0.15)) (justify mirror))
    )
    (fp_line (start 1.69 -1) (end -1.69 -1) (layer B.CrtYd) (width 0.05))
    (fp_line (start 1.69 1) (end 1.69 -1) (layer B.CrtYd) (width 0.05))
    (fp_line (start -1.69 1) (end 1.69 1) (layer B.CrtYd) (width 0.05))
    (fp_line (start -1.69 -1) (end -1.69 1) (layer B.CrtYd) (width 0.05))
    (fp_line (start -0.15 -0.71) (end 0.15 -0.71) (layer B.SilkS) (width 0.12))
    (fp_line (start -0.15 0.71) (end 0.15 0.71) (layer B.SilkS) (width 0.12))
    (fp_line (start 1 -0.6) (end -1 -0.6) (layer B.Fab) (width 0.1))
    (fp_line (start 1 0.6) (end 1 -0.6) (layer B.Fab) (width 0.1))
    (fp_line (start -1 0.6) (end 1 0.6) (layer B.Fab) (width 0.1))
    (fp_line (start -1 -0.6) (end -1 0.6) (layer B.Fab) (width 0.1))
    (fp_text user %R (at 0 0) (layer B.Fab)
      (effects (font (size 0.5 0.5) (thickness 0.08)) (justify mirror))
    )
    (pad 2 smd rect (at 0.955 0) (size 0.97 1.5) (layers B.Cu B.Paste B.Mask)
      (net 10 "Net-(L1-Pad2)"))
    (pad 1 smd rect (at -0.955 0) (size 0.97 1.5) (layers B.Cu B.Paste B.Mask)
      (net 9 "Net-(L1-Pad1)"))
    (model ${KISYS3DMOD}/Inductor_SMD.3dshapes/L_0805_2012Metric.wrl
      (at (xyz 0 0 0))
      (scale (xyz 1 1 1))
      (rotate (xyz 0 0 0))
    )
  )

  (module Inductor_SMD:L_0805_2012Metric (layer B.Cu) (tedit 59FE48B8) (tstamp 5ACD14AD)
    (at 67.6124 69.4182 180)
    (descr "Inductor SMD 0805 (2012 Metric), square (rectangular) end terminal, IPC_7351 nominal, (Body size source: http://www.tortai-tech.com/upload/download/2011102023233369053.pdf), generated with kicad-footprint-generator")
    (tags inductor)
    (path /5AA3609A)
    (attr smd)
    (fp_text reference L2 (at 2.6314 -0.0508 180) (layer B.SilkS)
      (effects (font (size 1 1) (thickness 0.15)) (justify mirror))
    )
    (fp_text value 15n (at 0 -1.85 180) (layer B.Fab)
      (effects (font (size 1 1) (thickness 0.15)) (justify mirror))
    )
    (fp_line (start 1.69 -1) (end -1.69 -1) (layer B.CrtYd) (width 0.05))
    (fp_line (start 1.69 1) (end 1.69 -1) (layer B.CrtYd) (width 0.05))
    (fp_line (start -1.69 1) (end 1.69 1) (layer B.CrtYd) (width 0.05))
    (fp_line (start -1.69 -1) (end -1.69 1) (layer B.CrtYd) (width 0.05))
    (fp_line (start -0.15 -0.71) (end 0.15 -0.71) (layer B.SilkS) (width 0.12))
    (fp_line (start -0.15 0.71) (end 0.15 0.71) (layer B.SilkS) (width 0.12))
    (fp_line (start 1 -0.6) (end -1 -0.6) (layer B.Fab) (width 0.1))
    (fp_line (start 1 0.6) (end 1 -0.6) (layer B.Fab) (width 0.1))
    (fp_line (start -1 0.6) (end 1 0.6) (layer B.Fab) (width 0.1))
    (fp_line (start -1 -0.6) (end -1 0.6) (layer B.Fab) (width 0.1))
    (fp_text user %R (at 0 0 180) (layer B.Fab)
      (effects (font (size 0.5 0.5) (thickness 0.08)) (justify mirror))
    )
    (pad 2 smd rect (at 0.955 0 180) (size 0.97 1.5) (layers B.Cu B.Paste B.Mask)
      (net 5 "Net-(C4-Pad1)"))
    (pad 1 smd rect (at -0.955 0 180) (size 0.97 1.5) (layers B.Cu B.Paste B.Mask)
      (net 10 "Net-(L1-Pad2)"))
    (model ${KISYS3DMOD}/Inductor_SMD.3dshapes/L_0805_2012Metric.wrl
      (at (xyz 0 0 0))
      (scale (xyz 1 1 1))
      (rotate (xyz 0 0 0))
    )
  )

  (module nrf52:E73-2G4M04S (layer F.Cu) (tedit 5AB7D968) (tstamp 5AB7E741)
    (at 61.976 54.61)
    (path /5AA32557)
    (fp_text reference U2 (at 0.084 23.368) (layer F.SilkS)
      (effects (font (size 1 1) (thickness 0.15)))
    )
    (fp_text value E73-2G4M04S (at -11.7 -27.85) (layer F.Fab)
      (effects (font (size 1 1) (thickness 0.15)))
    )
    (fp_line (start 0.2 22.02) (end 0.2 -6.68) (layer F.SilkS) (width 0.15))
    (fp_line (start 17.7 22.02) (end 0.2 22.02) (layer F.SilkS) (width 0.15))
    (fp_line (start 17.7 -6.68) (end 17.7 22.02) (layer F.SilkS) (width 0.15))
    (fp_line (start 0.2 -6.68) (end 17.7 -6.68) (layer F.SilkS) (width 0.15))
    (pad 43 smd rect (at 17.9 0 90) (size 0.96 1.5) (layers F.Cu F.Paste F.Mask)
      (net 1 GND))
    (pad 42 smd rect (at 17.9 1.27 90) (size 0.96 1.5) (layers F.Cu F.Paste F.Mask)
      (net 1 GND))
    (pad 41 smd rect (at 17.9 3.81 90) (size 0.96 1.5) (layers F.Cu F.Paste F.Mask)
      (net 41 P0.24))
    (pad 40 smd rect (at 17.9 5.08 90) (size 0.96 1.5) (layers F.Cu F.Paste F.Mask)
      (net 40 P0.23))
    (pad 39 smd rect (at 17.9 6.35 90) (size 0.96 1.5) (layers F.Cu F.Paste F.Mask)
      (net 39 P0.22))
    (pad 38 smd rect (at 17.9 7.62 90) (size 0.96 1.5) (layers F.Cu F.Paste F.Mask)
      (net 8 "Net-(J1-Pad2)"))
    (pad 37 smd rect (at 17.9 8.89 90) (size 0.96 1.5) (layers F.Cu F.Paste F.Mask)
      (net 7 "Net-(J1-Pad1)"))
    (pad 36 smd rect (at 17.9 10.16 90) (size 0.96 1.5) (layers F.Cu F.Paste F.Mask)
      (net 38 P0.21))
    (pad 35 smd rect (at 17.9 11.43 90) (size 0.96 1.5) (layers F.Cu F.Paste F.Mask)
      (net 37 P0.20))
    (pad 34 smd rect (at 17.9 12.7 90) (size 0.96 1.5) (layers F.Cu F.Paste F.Mask)
      (net 36 P0.19))
    (pad 33 smd rect (at 17.9 13.97 90) (size 0.96 1.5) (layers F.Cu F.Paste F.Mask)
      (net 35 P0.18))
    (pad 32 smd rect (at 17.9 15.24 90) (size 0.96 1.5) (layers F.Cu F.Paste F.Mask)
      (net 34 P0.17))
    (pad 31 smd rect (at 17.9 16.51 90) (size 0.96 1.5) (layers F.Cu F.Paste F.Mask)
      (net 33 P0.16))
    (pad 30 smd rect (at 17.9 17.78 90) (size 0.96 1.5) (layers F.Cu F.Paste F.Mask)
      (net 32 P0.15))
    (pad 29 smd rect (at 17.9 19.05 90) (size 0.96 1.5) (layers F.Cu F.Paste F.Mask)
      (net 31 P0.14))
    (pad 28 smd rect (at 17.9 20.32 90) (size 0.96 1.5) (layers F.Cu F.Paste F.Mask)
      (net 30 P0.13))
    (pad 27 smd rect (at 15.94 22.21 180) (size 0.96 1.5) (layers F.Cu F.Paste F.Mask)
      (net 29 P0.12))
    (pad 26 smd rect (at 14.67 22.21 180) (size 0.96 1.5) (layers F.Cu F.Paste F.Mask)
      (net 28 P0.11))
    (pad 25 smd rect (at 13.4 22.21 180) (size 0.96 1.5) (layers F.Cu F.Paste F.Mask)
      (net 27 P0.10))
    (pad 24 smd rect (at 12.13 22.21 180) (size 0.96 1.5) (layers F.Cu F.Paste F.Mask)
      (net 25 P0.09))
    (pad 23 smd rect (at 10.86 22.21 180) (size 0.96 1.5) (layers F.Cu F.Paste F.Mask)
      (net 24 P0.08))
    (pad 22 smd rect (at 9.59 22.21 180) (size 0.96 1.5) (layers F.Cu F.Paste F.Mask)
      (net 23 P0.07))
    (pad 21 smd rect (at 8.32 22.21 180) (size 0.96 1.5) (layers F.Cu F.Paste F.Mask)
      (net 22 P0.06))
    (pad 20 smd rect (at 7.05 22.21 180) (size 0.96 1.5) (layers F.Cu F.Paste F.Mask)
      (net 21 P0.05))
    (pad 19 smd rect (at 5.78 22.21 180) (size 0.96 1.5) (layers F.Cu F.Paste F.Mask)
      (net 20 P0.04))
    (pad 18 smd rect (at 4.51 22.21 180) (size 0.96 1.5) (layers F.Cu F.Paste F.Mask)
      (net 19 P0.03))
    (pad 17 smd rect (at 3.24 22.21 180) (size 0.96 1.5) (layers F.Cu F.Paste F.Mask)
      (net 18 P0.02))
    (pad 16 smd rect (at 1.97 22.21 180) (size 0.96 1.5) (layers F.Cu F.Paste F.Mask)
      (net 2 +3V3))
    (pad 1 smd rect (at 0 1.27 90) (size 0.96 1.5) (layers F.Cu F.Paste F.Mask)
      (net 1 GND))
    (pad 2 smd rect (at 0 3.81 90) (size 0.96 1.5) (layers F.Cu F.Paste F.Mask)
      (net 1 GND))
    (pad 3 smd rect (at 0 5.08 90) (size 0.96 1.5) (layers F.Cu F.Paste F.Mask)
      (net 3 "Net-(C2-Pad1)"))
    (pad 4 smd rect (at 0 6.35 90) (size 0.96 1.5) (layers F.Cu F.Paste F.Mask)
      (net 4 "Net-(C3-Pad1)"))
    (pad 5 smd rect (at 0 7.62 90) (size 0.96 1.5) (layers F.Cu F.Paste F.Mask)
      (net 11 P0.25))
    (pad 6 smd rect (at 0 8.89 90) (size 0.96 1.5) (layers F.Cu F.Paste F.Mask)
      (net 12 P0.26))
    (pad 7 smd rect (at 0 10.16 90) (size 0.96 1.5) (layers F.Cu F.Paste F.Mask)
      (net 13 P0.27))
    (pad 8 smd rect (at 0 11.43 90) (size 0.96 1.5) (layers F.Cu F.Paste F.Mask)
      (net 14 P0.28))
    (pad 9 smd rect (at 0 12.7 90) (size 0.96 1.5) (layers F.Cu F.Paste F.Mask)
      (net 15 P0.29))
    (pad 10 smd rect (at 0 13.97 90) (size 0.96 1.5) (layers F.Cu F.Paste F.Mask)
      (net 16 P0.30))
    (pad 11 smd rect (at 0 15.24 90) (size 0.96 1.5) (layers F.Cu F.Paste F.Mask)
      (net 17 P0.31))
    (pad 12 smd rect (at 0 16.51 90) (size 0.96 1.5) (layers F.Cu F.Paste F.Mask)
      (net 5 "Net-(C4-Pad1)"))
    (pad 13 smd rect (at 0 17.78 90) (size 0.96 1.5) (layers F.Cu F.Paste F.Mask)
      (net 9 "Net-(L1-Pad1)"))
    (pad 14 smd rect (at 0 19.05 90) (size 0.96 1.5) (layers F.Cu F.Paste F.Mask)
      (net 6 "Net-(C5-Pad1)"))
    (pad 15 smd rect (at 0 20.32 90) (size 0.96 1.5) (layers F.Cu F.Paste F.Mask)
      (net 1 GND))
    (pad 0 smd rect (at 0 0 90) (size 0.96 1.5) (layers F.Cu F.Paste F.Mask)
      (net 1 GND))
  )

  (module Capacitor_SMD:C_0603_1608Metric (layer B.Cu) (tedit 59FE48B8) (tstamp 5B0F5812)
    (at 68.043 74.2442 180)
    (descr "Capacitor SMD 0603 (1608 Metric), square (rectangular) end terminal, IPC_7351 nominal, (Body size source: http://www.tortai-tech.com/upload/download/2011102023233369053.pdf), generated with kicad-footprint-generator")
    (tags capacitor)
    (path /5AA38594)
    (attr smd)
    (fp_text reference C1 (at -0.748 -1.7018 180) (layer B.SilkS)
      (effects (font (size 1 1) (thickness 0.15)) (justify mirror))
    )
    (fp_text value 4.7u (at 0 -1.65 180) (layer B.Fab)
      (effects (font (size 1 1) (thickness 0.15)) (justify mirror))
    )
    (fp_line (start -0.8 -0.4) (end -0.8 0.4) (layer B.Fab) (width 0.1))
    (fp_line (start -0.8 0.4) (end 0.8 0.4) (layer B.Fab) (width 0.1))
    (fp_line (start 0.8 0.4) (end 0.8 -0.4) (layer B.Fab) (width 0.1))
    (fp_line (start 0.8 -0.4) (end -0.8 -0.4) (layer B.Fab) (width 0.1))
    (fp_line (start -0.22 0.51) (end 0.22 0.51) (layer B.SilkS) (width 0.12))
    (fp_line (start -0.22 -0.51) (end 0.22 -0.51) (layer B.SilkS) (width 0.12))
    (fp_line (start -1.46 -0.75) (end -1.46 0.75) (layer B.CrtYd) (width 0.05))
    (fp_line (start -1.46 0.75) (end 1.46 0.75) (layer B.CrtYd) (width 0.05))
    (fp_line (start 1.46 0.75) (end 1.46 -0.75) (layer B.CrtYd) (width 0.05))
    (fp_line (start 1.46 -0.75) (end -1.46 -0.75) (layer B.CrtYd) (width 0.05))
    (fp_text user %R (at 0 0 180) (layer B.Fab)
      (effects (font (size 0.5 0.5) (thickness 0.08)) (justify mirror))
    )
    (pad 1 smd rect (at -0.875 0 180) (size 0.67 1) (layers B.Cu B.Paste B.Mask)
      (net 1 GND))
    (pad 2 smd rect (at 0.875 0 180) (size 0.67 1) (layers B.Cu B.Paste B.Mask)
      (net 2 +3V3))
    (model ${KISYS3DMOD}/Capacitor_SMD.3dshapes/C_0603_1608Metric.wrl
      (at (xyz 0 0 0))
      (scale (xyz 1 1 1))
      (rotate (xyz 0 0 0))
    )
  )

  (module Capacitor_SMD:C_0603_1608Metric (layer B.Cu) (tedit 59FE48B8) (tstamp 5B0F5822)
    (at 64.727 58.787 90)
    (descr "Capacitor SMD 0603 (1608 Metric), square (rectangular) end terminal, IPC_7351 nominal, (Body size source: http://www.tortai-tech.com/upload/download/2011102023233369053.pdf), generated with kicad-footprint-generator")
    (tags capacitor)
    (path /5AA3326A)
    (attr smd)
    (fp_text reference C2 (at 2.653 0.127 90) (layer B.SilkS)
      (effects (font (size 1 1) (thickness 0.15)) (justify mirror))
    )
    (fp_text value DNI (at 0 -1.65 90) (layer B.Fab)
      (effects (font (size 1 1) (thickness 0.15)) (justify mirror))
    )
    (fp_line (start -0.8 -0.4) (end -0.8 0.4) (layer B.Fab) (width 0.1))
    (fp_line (start -0.8 0.4) (end 0.8 0.4) (layer B.Fab) (width 0.1))
    (fp_line (start 0.8 0.4) (end 0.8 -0.4) (layer B.Fab) (width 0.1))
    (fp_line (start 0.8 -0.4) (end -0.8 -0.4) (layer B.Fab) (width 0.1))
    (fp_line (start -0.22 0.51) (end 0.22 0.51) (layer B.SilkS) (width 0.12))
    (fp_line (start -0.22 -0.51) (end 0.22 -0.51) (layer B.SilkS) (width 0.12))
    (fp_line (start -1.46 -0.75) (end -1.46 0.75) (layer B.CrtYd) (width 0.05))
    (fp_line (start -1.46 0.75) (end 1.46 0.75) (layer B.CrtYd) (width 0.05))
    (fp_line (start 1.46 0.75) (end 1.46 -0.75) (layer B.CrtYd) (width 0.05))
    (fp_line (start 1.46 -0.75) (end -1.46 -0.75) (layer B.CrtYd) (width 0.05))
    (fp_text user %R (at 0 0 90) (layer B.Fab)
      (effects (font (size 0.5 0.5) (thickness 0.08)) (justify mirror))
    )
    (pad 1 smd rect (at -0.875 0 90) (size 0.67 1) (layers B.Cu B.Paste B.Mask)
      (net 3 "Net-(C2-Pad1)"))
    (pad 2 smd rect (at 0.875 0 90) (size 0.67 1) (layers B.Cu B.Paste B.Mask)
      (net 1 GND))
    (model ${KISYS3DMOD}/Capacitor_SMD.3dshapes/C_0603_1608Metric.wrl
      (at (xyz 0 0 0))
      (scale (xyz 1 1 1))
      (rotate (xyz 0 0 0))
    )
  )

  (module Capacitor_SMD:C_0603_1608Metric (layer B.Cu) (tedit 59FE48B8) (tstamp 5B0F5832)
    (at 66.759 58.801 90)
    (descr "Capacitor SMD 0603 (1608 Metric), square (rectangular) end terminal, IPC_7351 nominal, (Body size source: http://www.tortai-tech.com/upload/download/2011102023233369053.pdf), generated with kicad-footprint-generator")
    (tags capacitor)
    (path /5AA335FD)
    (attr smd)
    (fp_text reference C3 (at 2.54 0.127 90) (layer B.SilkS)
      (effects (font (size 1 1) (thickness 0.15)) (justify mirror))
    )
    (fp_text value 100p (at 0 -1.65 90) (layer B.Fab)
      (effects (font (size 1 1) (thickness 0.15)) (justify mirror))
    )
    (fp_line (start 1.46 -0.75) (end -1.46 -0.75) (layer B.CrtYd) (width 0.05))
    (fp_line (start 1.46 0.75) (end 1.46 -0.75) (layer B.CrtYd) (width 0.05))
    (fp_line (start -1.46 0.75) (end 1.46 0.75) (layer B.CrtYd) (width 0.05))
    (fp_line (start -1.46 -0.75) (end -1.46 0.75) (layer B.CrtYd) (width 0.05))
    (fp_line (start -0.22 -0.51) (end 0.22 -0.51) (layer B.SilkS) (width 0.12))
    (fp_line (start -0.22 0.51) (end 0.22 0.51) (layer B.SilkS) (width 0.12))
    (fp_line (start 0.8 -0.4) (end -0.8 -0.4) (layer B.Fab) (width 0.1))
    (fp_line (start 0.8 0.4) (end 0.8 -0.4) (layer B.Fab) (width 0.1))
    (fp_line (start -0.8 0.4) (end 0.8 0.4) (layer B.Fab) (width 0.1))
    (fp_line (start -0.8 -0.4) (end -0.8 0.4) (layer B.Fab) (width 0.1))
    (fp_text user %R (at 0 0 90) (layer B.Fab)
      (effects (font (size 0.5 0.5) (thickness 0.08)) (justify mirror))
    )
    (pad 2 smd rect (at 0.875 0 90) (size 0.67 1) (layers B.Cu B.Paste B.Mask)
      (net 1 GND))
    (pad 1 smd rect (at -0.875 0 90) (size 0.67 1) (layers B.Cu B.Paste B.Mask)
      (net 4 "Net-(C3-Pad1)"))
    (model ${KISYS3DMOD}/Capacitor_SMD.3dshapes/C_0603_1608Metric.wrl
      (at (xyz 0 0 0))
      (scale (xyz 1 1 1))
      (rotate (xyz 0 0 0))
    )
  )

  (module Capacitor_SMD:C_0603_1608Metric (layer B.Cu) (tedit 59FE48B8) (tstamp 5B0F5842)
    (at 67.4562 66.8274)
    (descr "Capacitor SMD 0603 (1608 Metric), square (rectangular) end terminal, IPC_7351 nominal, (Body size source: http://www.tortai-tech.com/upload/download/2011102023233369053.pdf), generated with kicad-footprint-generator")
    (tags capacitor)
    (path /5AA338A8)
    (attr smd)
    (fp_text reference C4 (at 2.7318 -0.0254) (layer B.SilkS)
      (effects (font (size 1 1) (thickness 0.15)) (justify mirror))
    )
    (fp_text value 1u (at 0 -1.65) (layer B.Fab)
      (effects (font (size 1 1) (thickness 0.15)) (justify mirror))
    )
    (fp_line (start -0.8 -0.4) (end -0.8 0.4) (layer B.Fab) (width 0.1))
    (fp_line (start -0.8 0.4) (end 0.8 0.4) (layer B.Fab) (width 0.1))
    (fp_line (start 0.8 0.4) (end 0.8 -0.4) (layer B.Fab) (width 0.1))
    (fp_line (start 0.8 -0.4) (end -0.8 -0.4) (layer B.Fab) (width 0.1))
    (fp_line (start -0.22 0.51) (end 0.22 0.51) (layer B.SilkS) (width 0.12))
    (fp_line (start -0.22 -0.51) (end 0.22 -0.51) (layer B.SilkS) (width 0.12))
    (fp_line (start -1.46 -0.75) (end -1.46 0.75) (layer B.CrtYd) (width 0.05))
    (fp_line (start -1.46 0.75) (end 1.46 0.75) (layer B.CrtYd) (width 0.05))
    (fp_line (start 1.46 0.75) (end 1.46 -0.75) (layer B.CrtYd) (width 0.05))
    (fp_line (start 1.46 -0.75) (end -1.46 -0.75) (layer B.CrtYd) (width 0.05))
    (fp_text user %R (at 0 0) (layer B.Fab)
      (effects (font (size 0.5 0.5) (thickness 0.08)) (justify mirror))
    )
    (pad 1 smd rect (at -0.875 0) (size 0.67 1) (layers B.Cu B.Paste B.Mask)
      (net 5 "Net-(C4-Pad1)"))
    (pad 2 smd rect (at 0.875 0) (size 0.67 1) (layers B.Cu B.Paste B.Mask)
      (net 1 GND))
    (model ${KISYS3DMOD}/Capacitor_SMD.3dshapes/C_0603_1608Metric.wrl
      (at (xyz 0 0 0))
      (scale (xyz 1 1 1))
      (rotate (xyz 0 0 0))
    )
  )

  (module Capacitor_SMD:C_0603_1608Metric (layer B.Cu) (tedit 59FE48B8) (tstamp 5B0F5852)
    (at 71.2802 71.515 90)
    (descr "Capacitor SMD 0603 (1608 Metric), square (rectangular) end terminal, IPC_7351 nominal, (Body size source: http://www.tortai-tech.com/upload/download/2011102023233369053.pdf), generated with kicad-footprint-generator")
    (tags capacitor)
    (path /5AA36B4A)
    (attr smd)
    (fp_text reference C5 (at 0 1.65 90) (layer B.SilkS)
      (effects (font (size 1 1) (thickness 0.15)) (justify mirror))
    )
    (fp_text value 100n (at 0 -1.65 90) (layer B.Fab)
      (effects (font (size 1 1) (thickness 0.15)) (justify mirror))
    )
    (fp_line (start 1.46 -0.75) (end -1.46 -0.75) (layer B.CrtYd) (width 0.05))
    (fp_line (start 1.46 0.75) (end 1.46 -0.75) (layer B.CrtYd) (width 0.05))
    (fp_line (start -1.46 0.75) (end 1.46 0.75) (layer B.CrtYd) (width 0.05))
    (fp_line (start -1.46 -0.75) (end -1.46 0.75) (layer B.CrtYd) (width 0.05))
    (fp_line (start -0.22 -0.51) (end 0.22 -0.51) (layer B.SilkS) (width 0.12))
    (fp_line (start -0.22 0.51) (end 0.22 0.51) (layer B.SilkS) (width 0.12))
    (fp_line (start 0.8 -0.4) (end -0.8 -0.4) (layer B.Fab) (width 0.1))
    (fp_line (start 0.8 0.4) (end 0.8 -0.4) (layer B.Fab) (width 0.1))
    (fp_line (start -0.8 0.4) (end 0.8 0.4) (layer B.Fab) (width 0.1))
    (fp_line (start -0.8 -0.4) (end -0.8 0.4) (layer B.Fab) (width 0.1))
    (fp_text user %R (at 0 0 90) (layer B.Fab)
      (effects (font (size 0.5 0.5) (thickness 0.08)) (justify mirror))
    )
    (pad 2 smd rect (at 0.875 0 90) (size 0.67 1) (layers B.Cu B.Paste B.Mask)
      (net 1 GND))
    (pad 1 smd rect (at -0.875 0 90) (size 0.67 1) (layers B.Cu B.Paste B.Mask)
      (net 6 "Net-(C5-Pad1)"))
    (model ${KISYS3DMOD}/Capacitor_SMD.3dshapes/C_0603_1608Metric.wrl
      (at (xyz 0 0 0))
      (scale (xyz 1 1 1))
      (rotate (xyz 0 0 0))
    )
  )

  (module Capacitor_SMD:C_0603_1608Metric (layer B.Cu) (tedit 59FE48B8) (tstamp 5B0F5872)
    (at 66.378 101.473)
    (descr "Capacitor SMD 0603 (1608 Metric), square (rectangular) end terminal, IPC_7351 nominal, (Body size source: http://www.tortai-tech.com/upload/download/2011102023233369053.pdf), generated with kicad-footprint-generator")
    (tags capacitor)
    (path /5AE4151B)
    (attr smd)
    (fp_text reference C6 (at -2.54 0) (layer B.SilkS)
      (effects (font (size 1 1) (thickness 0.15)) (justify mirror))
    )
    (fp_text value 4.7u (at 0 -1.65) (layer B.Fab)
      (effects (font (size 1 1) (thickness 0.15)) (justify mirror))
    )
    (fp_line (start 1.46 -0.75) (end -1.46 -0.75) (layer B.CrtYd) (width 0.05))
    (fp_line (start 1.46 0.75) (end 1.46 -0.75) (layer B.CrtYd) (width 0.05))
    (fp_line (start -1.46 0.75) (end 1.46 0.75) (layer B.CrtYd) (width 0.05))
    (fp_line (start -1.46 -0.75) (end -1.46 0.75) (layer B.CrtYd) (width 0.05))
    (fp_line (start -0.22 -0.51) (end 0.22 -0.51) (layer B.SilkS) (width 0.12))
    (fp_line (start -0.22 0.51) (end 0.22 0.51) (layer B.SilkS) (width 0.12))
    (fp_line (start 0.8 -0.4) (end -0.8 -0.4) (layer B.Fab) (width 0.1))
    (fp_line (start 0.8 0.4) (end 0.8 -0.4) (layer B.Fab) (width 0.1))
    (fp_line (start -0.8 0.4) (end 0.8 0.4) (layer B.Fab) (width 0.1))
    (fp_line (start -0.8 -0.4) (end -0.8 0.4) (layer B.Fab) (width 0.1))
    (fp_text user %R (at 0 0) (layer B.Fab)
      (effects (font (size 0.5 0.5) (thickness 0.08)) (justify mirror))
    )
    (pad 2 smd rect (at 0.875 0) (size 0.67 1) (layers B.Cu B.Paste B.Mask)
      (net 1 GND))
    (pad 1 smd rect (at -0.875 0) (size 0.67 1) (layers B.Cu B.Paste B.Mask)
      (net 26 +5V))
    (model ${KISYS3DMOD}/Capacitor_SMD.3dshapes/C_0603_1608Metric.wrl
      (at (xyz 0 0 0))
      (scale (xyz 1 1 1))
      (rotate (xyz 0 0 0))
    )
  )

  (module Capacitor_SMD:C_0603_1608Metric (layer B.Cu) (tedit 59FE48B8) (tstamp 5B0F5883)
    (at 66.392 99.568)
    (descr "Capacitor SMD 0603 (1608 Metric), square (rectangular) end terminal, IPC_7351 nominal, (Body size source: http://www.tortai-tech.com/upload/download/2011102023233369053.pdf), generated with kicad-footprint-generator")
    (tags capacitor)
    (path /5AE6F3BA)
    (attr smd)
    (fp_text reference C7 (at -2.681 0.127) (layer B.SilkS)
      (effects (font (size 1 1) (thickness 0.15)) (justify mirror))
    )
    (fp_text value 4.7u (at 0 -1.65) (layer B.Fab)
      (effects (font (size 1 1) (thickness 0.15)) (justify mirror))
    )
    (fp_line (start -0.8 -0.4) (end -0.8 0.4) (layer B.Fab) (width 0.1))
    (fp_line (start -0.8 0.4) (end 0.8 0.4) (layer B.Fab) (width 0.1))
    (fp_line (start 0.8 0.4) (end 0.8 -0.4) (layer B.Fab) (width 0.1))
    (fp_line (start 0.8 -0.4) (end -0.8 -0.4) (layer B.Fab) (width 0.1))
    (fp_line (start -0.22 0.51) (end 0.22 0.51) (layer B.SilkS) (width 0.12))
    (fp_line (start -0.22 -0.51) (end 0.22 -0.51) (layer B.SilkS) (width 0.12))
    (fp_line (start -1.46 -0.75) (end -1.46 0.75) (layer B.CrtYd) (width 0.05))
    (fp_line (start -1.46 0.75) (end 1.46 0.75) (layer B.CrtYd) (width 0.05))
    (fp_line (start 1.46 0.75) (end 1.46 -0.75) (layer B.CrtYd) (width 0.05))
    (fp_line (start 1.46 -0.75) (end -1.46 -0.75) (layer B.CrtYd) (width 0.05))
    (fp_text user %R (at 0 0) (layer B.Fab)
      (effects (font (size 0.5 0.5) (thickness 0.08)) (justify mirror))
    )
    (pad 1 smd rect (at -0.875 0) (size 0.67 1) (layers B.Cu B.Paste B.Mask)
      (net 42 +BATT))
    (pad 2 smd rect (at 0.875 0) (size 0.67 1) (layers B.Cu B.Paste B.Mask)
      (net 1 GND))
    (model ${KISYS3DMOD}/Capacitor_SMD.3dshapes/C_0603_1608Metric.wrl
      (at (xyz 0 0 0))
      (scale (xyz 1 1 1))
      (rotate (xyz 0 0 0))
    )
  )

  (module Capacitor_SMD:C_0603_1608Metric (layer B.Cu) (tedit 59FE48B8) (tstamp 5B0F5894)
    (at 75.762 87.376 180)
    (descr "Capacitor SMD 0603 (1608 Metric), square (rectangular) end terminal, IPC_7351 nominal, (Body size source: http://www.tortai-tech.com/upload/download/2011102023233369053.pdf), generated with kicad-footprint-generator")
    (tags capacitor)
    (path /5AD92BB1)
    (attr smd)
    (fp_text reference C8 (at -2.681 0 180) (layer B.SilkS)
      (effects (font (size 1 1) (thickness 0.15)) (justify mirror))
    )
    (fp_text value 1u (at 0 -1.65 180) (layer B.Fab)
      (effects (font (size 1 1) (thickness 0.15)) (justify mirror))
    )
    (fp_line (start 1.46 -0.75) (end -1.46 -0.75) (layer B.CrtYd) (width 0.05))
    (fp_line (start 1.46 0.75) (end 1.46 -0.75) (layer B.CrtYd) (width 0.05))
    (fp_line (start -1.46 0.75) (end 1.46 0.75) (layer B.CrtYd) (width 0.05))
    (fp_line (start -1.46 -0.75) (end -1.46 0.75) (layer B.CrtYd) (width 0.05))
    (fp_line (start -0.22 -0.51) (end 0.22 -0.51) (layer B.SilkS) (width 0.12))
    (fp_line (start -0.22 0.51) (end 0.22 0.51) (layer B.SilkS) (width 0.12))
    (fp_line (start 0.8 -0.4) (end -0.8 -0.4) (layer B.Fab) (width 0.1))
    (fp_line (start 0.8 0.4) (end 0.8 -0.4) (layer B.Fab) (width 0.1))
    (fp_line (start -0.8 0.4) (end 0.8 0.4) (layer B.Fab) (width 0.1))
    (fp_line (start -0.8 -0.4) (end -0.8 0.4) (layer B.Fab) (width 0.1))
    (fp_text user %R (at 0 0 180) (layer B.Fab)
      (effects (font (size 0.5 0.5) (thickness 0.08)) (justify mirror))
    )
    (pad 2 smd rect (at 0.875 0 180) (size 0.67 1) (layers B.Cu B.Paste B.Mask)
      (net 43 "Net-(C8-Pad2)"))
    (pad 1 smd rect (at -0.875 0 180) (size 0.67 1) (layers B.Cu B.Paste B.Mask)
      (net 1 GND))
    (model ${KISYS3DMOD}/Capacitor_SMD.3dshapes/C_0603_1608Metric.wrl
      (at (xyz 0 0 0))
      (scale (xyz 1 1 1))
      (rotate (xyz 0 0 0))
    )
  )

  (module Capacitor_SMD:C_0603_1608Metric (layer B.Cu) (tedit 59FE48B8) (tstamp 5B0F58A5)
    (at 76.524 104.0384 180)
    (descr "Capacitor SMD 0603 (1608 Metric), square (rectangular) end terminal, IPC_7351 nominal, (Body size source: http://www.tortai-tech.com/upload/download/2011102023233369053.pdf), generated with kicad-footprint-generator")
    (tags capacitor)
    (path /5B12B6A9)
    (attr smd)
    (fp_text reference C9 (at -2.808 0.0254 180) (layer B.SilkS)
      (effects (font (size 1 1) (thickness 0.15)) (justify mirror))
    )
    (fp_text value 1u (at 0 -1.65 180) (layer B.Fab)
      (effects (font (size 1 1) (thickness 0.15)) (justify mirror))
    )
    (fp_line (start 1.46 -0.75) (end -1.46 -0.75) (layer B.CrtYd) (width 0.05))
    (fp_line (start 1.46 0.75) (end 1.46 -0.75) (layer B.CrtYd) (width 0.05))
    (fp_line (start -1.46 0.75) (end 1.46 0.75) (layer B.CrtYd) (width 0.05))
    (fp_line (start -1.46 -0.75) (end -1.46 0.75) (layer B.CrtYd) (width 0.05))
    (fp_line (start -0.22 -0.51) (end 0.22 -0.51) (layer B.SilkS) (width 0.12))
